-1.661083333
-1.387916667
-1.924833333
-1.65625
-0.35825
-1.995666667
-0.136416667
-0.70975
-1.396583333
-3.127
-1.300333333
-0.54125
-3.272166667
-0.407166667
-1.825666667
-2.373333333
-1.26825
-1.1105
-0.85375
-1.279166667
-2.627636364
-1.35975
-1.739166667
-0.906916667
-0.656083333
-2.766083333
-1.237583333
-1.449916667
-1.94125
-2.515416667
-0.382666667
-1.661416667
-2.566666667
-2.427416667
-0.19375
-2.120666667
-2.138166667
-1.923666667
-0.87825
-1.546818182
-2.47525
-1.07675
-1.101916667
-0.7325
-2.3015
-2.121916667
-1.498083333
-1.389083333
-1.453166667
-0.428166667
-1.669833333
-1.30425
-2.0965
-0.90825
-0.95425
-1.573
-0.927166667
-1.126416667
-1.041916667
-2.039916667
-1.640583333
-0.966
-2.073333333
-0.945083333
-0.826
-0.988583333
-1.285833333
-2.14075
-1.390666667
-2.109166667
-1.720333333
-1.585666667
-1.046916667
-0.756545455
-0.619083333
-2.31375
-1.514666667
-1.340166667
-2.104416667
-2.2935
-1.949333333
-1.711666667
-1.57025
-1.5155
-0.364833333
-1.10125
-0.126666667
-2.1455
-1.12525
-1.660416667
-1.052916667
-1.168166667
-1.30675
-1.553083333
-0.592666667
-1.421
-1.898416667
-0.89975
-2.050083333
-3.386166667
-1.873333333
-1.129166667
-1.565166667
-1.74475
-1.781416667
-3.56775
-0.276833333
-1.41675
-0.834166667
-0.942166667
-1.33825
-0.2485
-0.94
-0.14725
-0.66075
-1.672
-1.346666667
-0.58725
-0.645666667
-1.617
-1.187333333
-2.110083333
-2.625583333
-0.944833333
-1.04725
-0.773
-1.494416667
-0.888166667
-1.189166667
-0.953583333
-0.3575
-1.233583333
-1.917833333
-1.460090909
-1.41175
-0.592916667
-1.286833333
0.216916667
-1.4265
-1.786166667
-0.5945
-1.041916667
-0.651166667
-1.311
-1.623166667
-0.919166667
-1.627
-2.448
-0.669333333
0.407916667
-1.28925
-1.891333333
-0.826333333
-1.2605
-1.743333333
-0.7655
-1.232416667
-1.289333333
-1.137
-1.246166667
-1.807166667
-0.966916667
-1.68425
-1.36025
-1.673083333
-1.948083333
-1.445583333
-0.529583333
-1.499833333
-1.2055
-1.12775
-0.841416667
-1.839083333
-1.256
-2.020181818
0.452416667
-0.461666667
-0.44125
-0.364416667
-1.354666667
-1.418916667
-1.63225
-2.2785
-3.0265
-2.684727273
-0.102166667
-1.467583333
-0.062416667
-0.548333333
-1.0945
-2.932083333
-1.844166667
-1.969583333
-1.483416667
-1.62425
-1.944916667
-2.300083333
-1.421833333
-1.858916667
-0.801833333
-1.126166667
-1.531833333
-1.290583333
-1.488833333
-1.1525
-1.42525
-1.929916667
-3.346833333
-1.342
-1.187916667
-1.261166667
-1.527666667
-0.562666667
-0.867666667
-0.59525
-0.769083333
-1.046083333
-1.813583333
-2.617083333
-3.109833333
-1.235083333
-2.792083333
-2.050916667
-0.486666667
-0.447083333
-1.561416667
-1.074083333
-1.68525
-2.784545455
-1.54475
-1.5695
-0.924666667
-2.07175
-2.560333333
-1.156916667
-0.975
-2.052666667
-1.780583333
-0.30575
-1.172083333
-1.146083333
-0.916166667
-3.132333333
-1.67375
-0.572916667
-2.535
-1.565833333
-0.62
-0.453166667
-1.338833333
-2.121416667
-0.907166667
-2.943083333
-1.769583333
-3.496166667
-0.989666667
-2.17725
-2.64225
-1.530916667
-2.83625
-0.6915
-1.695166667
-2.138083333
-1.504916667
-0.206583333
-0.768416667
-1.2625
-0.020416667
-1.231166667
-1.831583333
-0.98025
-0.974
-1.210083333
-1.128
-2.521083333
-2.396666667
-2.152583333
-1.993666667
-1.286083333
-1.224333333
-1.426
-1.08525
-1.544833333
-1.716833333
-0.978083333
-2.184666667
-1.014916667
-1.04625
-1.134583333
-3.3345
-1.881083333
-1.272083333
-1.045416667
-1.27775
-1.344333333
-2.041454545
0.518083333
-2.663333333
-2.318083333
-0.875416667
-0.794666667
-1.321166667
-1.021166667
-1.388833333
-0.7325
-1.674833333
-1.573
-1.783
-1.311083333
-0.259
-1.1735
-2.178166667
-2.305083333
-1.765666667
-2.600333333
-1.9555
-2.50425
-1.270583333
-1.833916667
-1.384
-0.719166667
0.005
-1.111666667
-1.025666667
-1.5505
-0.993333333
-1.400666667
-0.309833333
-1.237416667
-0.10325
-1.509666667
-1.0685
-3.410333333
-2.387916667
-1.731833333
-1.457833333
-2.551083333
-1.356833333
-1.524583333
-0.9555
-0.423
-0.844583333
-2.526333333
-1.196583333
-1.247583333
-2.179
-1.78525
-0.9085
-2.252333333
-1.35375
-1.552
-1.375916667
-1.803333333
-2.166583333
-2.62975
-1.833333333
-2.114916667
-1.825833333
-1.679083333
-0.924916667
-1.263083333
-1.244916667
-2.805666667
-1.836
-1.63975
-0.0195
-0.52525
-1.590583333
-2.713666667
-1.3765
-2.156545455
-1.733333333
-0.689916667
-2.073416667
-1.448833333
-1.356833333
-1.56625
-1.935583333
-2.323090909
-2.311583333
-0.978583333
-0.902083333
-1.641416667
-1.017166667
-1.89875
-1.933
-2.6355
-1.93175
-1.508833333
-2.345916667
-1.9185
-0.861666667
-0.529666667
-1.7705
-1.780833333
-2.068833333
-1.399166667
-1.384
-2.258333333
-2.39875
-2.046083333
-1.662416667
-2.006083333
-1.173272727
-0.318
-1.584416667
-2.052583333
-1.226833333
-0.262833333
-0.47825
-1.47275
-1.625
-0.847833333
-0.481333333
-1.52425
-1.85675
-2.089166667
-2.685833333
-1.2195
-1.996833333
-2.513333333
-1.605916667
-1.63075
-0.939916667
-0.420166667
-1.460166667
-1.619333333
-1.5235
-1.016583333
-1.721416667
-1.581666667
-1.20125
0.28075
-0.518
-1.739416667
-1.775166667
-2.266166667
-2.155666667
-1.539166667
-1.175166667
-0.654333333
-1.164916667
-2.288916667
-2.00575
-1.975333333
-0.935083333
-1.546416667
-1.7885
-1.6415
-1.40375
-2.45725
-0.777166667
-1.049083333
-1.232833333
-1.864083333
-0.029166667
-0.822583333
-1.996333333
-2.07175
-3.052333333
-1.820916667
-1.846583333
-1.64175
-0.955
-0.7075
-2.4295
-1.016666667
-0.311916667
-0.424583333
-3.9175
-1.40625
-1.825
-2.116166667
-1.3815
-0.688916667
-2.71075
-2.449666667
-0.808666667
-0.4605
-1.16625
0.016916667
-1.816666667
-0.6595
-1.067916667
-1.406583333
-0.742
-1.17425
-1.298
-2.637916667
-0.37975
-0.67375
-1.834416667
-3.041416667
-1.081583333
-1.071666667
-0.90475
-0.677666667
-1.685416667
-1.198916667
-2.199583333
-1.44975
-1.864583333
-1.690833333
-0.782416667
-1.577666667
-1.38325
-2.29025
-1.386916667
-0.763416667
-0.765916667
-1.883416667
-2.101583333
-2.11775
-1.898416667
-1.478333333
-1.77525
-1.763666667
-2.210583333
-1.899333333
-0.750916667
-0.918166667
-0.838916667
-1.6115
-0.519166667
-1.66025
-0.7145
-0.830833333
-0.88
-0.978083333
-1.5055
-2.416583333
-2.450166667
-1.32575
-2.412166667
-2.8855
-1.17275
