24.0 0.00632 18.00 2.310 0 0.5380 6.5750 65.20 4.0900 1 296.0 115.30 1396.90 14.98
21.6 0.02731 0.00 7.070 0 0.4690 6.4210 78.90 4.9671 2 242.0 117.80 1396.90 19.14
34.7 0.02729 0.00 7.070 0 0.4690 7.1850 61.10 4.9671 2 242.0 117.80 1392.83 14.03
33.4 0.03237 0.00 2.180 0 0.4580 6.9980 45.80 6.0622 3 222.0 118.70 1394.63 12.94
36.2 0.06905 0.00 2.180 0 0.4580 7.1470 54.20 6.0622 3 222.0 118.70 1396.90 15.33
28.7 0.02985 0.00 2.180 0 0.4580 6.4300 58.70 6.0622 3 222.0 118.70 1394.12 15.21
22.9 0.08829 12.50 7.870 0 0.5240 6.0120 66.60 5.5605 5 311.0 115.20 1395.60 112.43
27.1 0.14455 12.50 7.870 0 0.5240 6.1720 96.10 5.9505 5 311.0 115.20 1396.90 119.15
16.5 0.21124 12.50 7.870 0 0.5240 5.6310 100.00 6.0821 5 311.0 115.20 1386.63 129.93
18.9 0.17004 12.50 7.870 0 0.5240 6.0040 85.90 6.5921 5 311.0 115.20 1386.71 117.10
15.0 0.22489 12.50 7.870 0 0.5240 6.3770 94.30 6.3467 5 311.0 115.20 1392.52 120.45
18.9 0.11747 12.50 7.870 0 0.5240 6.0090 82.90 6.2267 5 311.0 115.20 1396.90 113.27
21.7 0.09378 12.50 7.870 0 0.5240 5.8890 39.00 5.4509 5 311.0 115.20 1390.50 115.71
20.4 0.62976 0.00 8.140 0 0.5380 5.9490 61.80 4.7075 4 307.0 121.00 1396.90 18.26
18.2 0.63796 0.00 8.140 0 0.5380 6.0960 84.50 4.4619 4 307.0 121.00 1380.02 110.26
19.9 0.62739 0.00 8.140 0 0.5380 5.8340 56.50 4.4986 4 307.0 121.00 1395.62 18.47
23.1 1.05393 0.00 8.140 0 0.5380 5.9350 29.30 4.4986 4 307.0 121.00 1386.85 16.58
17.5 0.78420 0.00 8.140 0 0.5380 5.9900 81.70 4.2579 4 307.0 121.00 1386.75 114.67
20.2 0.80271 0.00 8.140 0 0.5380 5.4560 36.60 3.7965 4 307.0 121.00 1288.99 111.69
18.2 0.72580 0.00 8.140 0 0.5380 5.7270 69.50 3.7965 4 307.0 121.00 1390.95 111.28
13.6 1.25179 0.00 8.140 0 0.5380 5.5700 98.10 3.7979 4 307.0 121.00 1376.57 121.02
19.6 0.85204 0.00 8.140 0 0.5380 5.9650 89.20 4.0123 4 307.0 121.00 1392.53 113.83
15.2 1.23247 0.00 8.140 0 0.5380 6.1420 91.70 3.9769 4 307.0 121.00 1396.90 118.72
14.5 0.98843 0.00 8.140 0 0.5380 5.8130 100.00 4.0952 4 307.0 121.00 1394.54 119.88
15.6 0.75026 0.00 8.140 0 0.5380 5.9240 94.10 4.3996 4 307.0 121.00 1394.33 116.30
13.9 0.84054 0.00 8.140 0 0.5380 5.5990 85.70 4.4546 4 307.0 121.00 1303.42 116.51
16.6 0.67191 0.00 8.140 0 0.5380 5.8130 90.30 4.6820 4 307.0 121.00 1376.88 114.81
14.8 0.95577 0.00 8.140 0 0.5380 6.0470 88.80 4.4534 4 307.0 121.00 1306.38 117.28
18.4 0.77299 0.00 8.140 0 0.5380 6.4950 94.40 4.4547 4 307.0 121.00 1387.94 112.80
21.0 1.00245 0.00 8.140 0 0.5380 6.6740 87.30 4.2390 4 307.0 121.00 1380.23 111.98
12.7 1.13081 0.00 8.140 0 0.5380 5.7130 94.10 4.2330 4 307.0 121.00 1360.17 122.60
14.5 1.35472 0.00 8.140 0 0.5380 6.0720 100.00 4.1750 4 307.0 121.00 1376.73 113.04
13.2 1.38799 0.00 8.140 0 0.5380 5.9500 82.00 3.9900 4 307.0 121.00 1232.60 127.71
13.1 1.15172 0.00 8.140 0 0.5380 5.7010 95.00 3.7872 4 307.0 121.00 1358.77 118.35
13.5 1.61282 0.00 8.140 0 0.5380 6.0960 96.90 3.7598 4 307.0 121.00 1248.31 120.34
18.9 0.06417 0.00 5.960 0 0.4990 5.9330 68.20 3.3603 5 279.0 119.20 1396.90 19.68
20.0 0.09744 0.00 5.960 0 0.4990 5.8410 61.40 3.3779 5 279.0 119.20 1377.56 111.41
21.0 0.08014 0.00 5.960 0 0.4990 5.8500 41.50 3.9342 5 279.0 119.20 1396.90 18.77
24.7 0.17505 0.00 5.960 0 0.4990 5.9660 30.20 3.8473 5 279.0 119.20 1393.43 110.13
30.8 0.02763 75.00 2.950 0 0.4280 6.5950 21.80 5.4011 3 252.0 118.30 1395.63 14.32
34.9 0.03359 75.00 2.950 0 0.4280 7.0240 15.80 5.4011 3 252.0 118.30 1395.62 11.98
26.6 0.12744 0.00 6.910 0 0.4480 6.7700 2.90 5.7209 3 233.0 117.90 1385.41 14.84
25.3 0.14150 0.00 6.910 0 0.4480 6.1690 6.60 5.7209 3 233.0 117.90 1383.37 15.81
24.7 0.15936 0.00 6.910 0 0.4480 6.2110 6.50 5.7209 3 233.0 117.90 1394.46 17.44
21.2 0.12269 0.00 6.910 0 0.4480 6.0690 40.00 5.7209 3 233.0 117.90 1389.39 19.55
19.3 0.17142 0.00 6.910 0 0.4480 5.6820 33.80 5.1004 3 233.0 117.90 1396.90 110.21
20.0 0.18836 0.00 6.910 0 0.4480 5.7860 33.30 5.1004 3 233.0 117.90 1396.90 114.15
16.6 0.22927 0.00 6.910 0 0.4480 6.0300 85.50 5.6894 3 233.0 117.90 1392.74 118.80
14.4 0.25387 0.00 6.910 0 0.4480 5.3990 95.30 5.8700 3 233.0 117.90 1396.90 130.81
19.4 0.21977 0.00 6.910 0 0.4480 5.6020 62.00 6.0877 3 233.0 117.90 1396.90 116.20
19.7 0.08873 21.00 5.640 0 0.4390 5.9630 45.70 6.8147 4 243.0 116.80 1395.56 113.45
20.5 0.04337 21.00 5.640 0 0.4390 6.1150 63.00 6.8147 4 243.0 116.80 1393.97 19.43
25.0 0.05360 21.00 5.640 0 0.4390 6.5110 21.10 6.8147 4 243.0 116.80 1396.90 15.28
23.4 0.04981 21.00 5.640 0 0.4390 5.9980 21.40 6.8147 4 243.0 116.80 1396.90 18.43
18.9 0.01360 75.00 4.000 0 0.4100 5.8880 47.60 7.3197 3 469.0 121.10 1396.90 114.80
35.4 0.01311 90.00 1.220 0 0.4030 7.2490 21.90 8.6966 5 226.0 117.90 1395.93 14.81
24.7 0.02055 85.00 0.740 0 0.4100 6.3830 35.70 9.1876 2 313.0 117.30 1396.90 15.77
31.6 0.01432 100.00 1.320 0 0.4110 6.8160 40.50 8.3248 5 256.0 115.10 1392.90 13.95
23.3 0.15445 25.00 5.130 0 0.4530 6.1450 29.20 7.8148 8 284.0 119.70 1390.68 16.86
19.6 0.10328 25.00 5.130 0 0.4530 5.9270 47.20 6.9320 8 284.0 119.70 1396.90 19.22
18.7 0.14932 25.00 5.130 0 0.4530 5.7410 66.20 7.2254 8 284.0 119.70 1395.11 113.15
16.0 0.17171 25.00 5.130 0 0.4530 5.9660 93.40 6.8185 8 284.0 119.70 1378.08 114.44
22.2 0.11027 25.00 5.130 0 0.4530 6.4560 67.80 7.2255 8 284.0 119.70 1396.90 16.73
25.0 0.12650 25.00 5.130 0 0.4530 6.7620 43.40 7.9809 8 284.0 119.70 1395.58 19.50
33.0 0.01951 17.50 1.380 0 0.4161 7.1040 59.50 9.2229 3 216.0 118.60 1393.24 18.05
23.5 0.03584 80.00 3.370 0 0.3980 6.2900 17.80 6.6115 4 337.0 116.10 1396.90 14.67
19.4 0.04379 80.00 3.370 0 0.3980 5.7870 31.10 6.6115 4 337.0 116.10 1396.90 110.24
22.0 0.05789 12.50 6.070 0 0.4090 5.8780 21.40 6.4980 4 345.0 118.90 1396.21 18.10
17.4 0.13554 12.50 6.070 0 0.4090 5.5940 36.80 6.4980 4 345.0 118.90 1396.90 113.09
20.9 0.12816 12.50 6.070 0 0.4090 5.8850 33.00 6.4980 4 345.0 118.90 1396.90 18.79
24.2 0.08826 0.00 10.810 0 0.4130 6.4170 6.60 5.2873 4 305.0 119.20 1383.73 16.72
21.7 0.15876 0.00 10.810 0 0.4130 5.9610 17.50 5.2873 4 305.0 119.20 1376.94 19.88
22.8 0.09164 0.00 10.810 0 0.4130 6.0650 7.80 5.2873 4 305.0 119.20 1390.91 15.52
23.4 0.19539 0.00 10.810 0 0.4130 6.2450 6.20 5.2873 4 305.0 119.20 1377.17 17.54
24.1 0.07896 0.00 12.830 0 0.4370 6.2730 6.00 4.2515 5 398.0 118.70 1394.92 16.78
21.4 0.09512 0.00 12.830 0 0.4370 6.2860 45.00 4.5026 5 398.0 118.70 1383.23 18.94
20.0 0.10153 0.00 12.830 0 0.4370 6.2790 74.50 4.0522 5 398.0 118.70 1373.66 111.97
20.8 0.08707 0.00 12.830 0 0.4370 6.1400 45.80 4.0905 5 398.0 118.70 1386.96 110.27
21.2 0.05646 0.00 12.830 0 0.4370 6.2320 53.70 5.0141 5 398.0 118.70 1386.40 112.34
20.3 0.08387 0.00 12.830 0 0.4370 5.8740 36.60 4.5026 5 398.0 118.70 1396.06 19.10
28.0 0.04113 25.00 4.860 0 0.4260 6.7270 33.50 5.4007 4 281.0 119.00 1396.90 15.29
23.9 0.04462 25.00 4.860 0 0.4260 6.6190 70.40 5.4007 4 281.0 119.00 1395.63 17.22
24.8 0.03659 25.00 4.860 0 0.4260 6.3020 32.20 5.4007 4 281.0 119.00 1396.90 16.72
22.9 0.03551 25.00 4.860 0 0.4260 6.1670 46.70 5.4007 4 281.0 119.00 1390.64 17.51
23.9 0.05059 0.00 4.490 0 0.4490 6.3890 48.00 4.7794 3 247.0 118.50 1396.90 19.62
26.6 0.05735 0.00 4.490 0 0.4490 6.6300 56.10 4.4377 3 247.0 118.50 1392.30 16.53
22.5 0.05188 0.00 4.490 0 0.4490 6.0150 45.10 4.4272 3 247.0 118.50 1395.99 112.86
22.2 0.07151 0.00 4.490 0 0.4490 6.1210 56.80 3.7476 3 247.0 118.50 1395.15 18.44
23.6 0.05660 0.00 3.410 0 0.4890 7.0070 86.30 3.4217 2 270.0 117.80 1396.90 15.50
28.7 0.05302 0.00 3.410 0 0.4890 7.0790 63.10 3.4145 2 270.0 117.80 1396.06 15.70
22.6 0.04684 0.00 3.410 0 0.4890 6.4170 66.10 3.0923 2 270.0 117.80 1392.18 18.81
22.0 0.03932 0.00 3.410 0 0.4890 6.4050 73.90 3.0921 2 270.0 117.80 1393.55 18.20
22.9 0.04203 28.00 15.040 0 0.4640 6.4420 53.60 3.6659 4 270.0 118.20 1395.01 18.16
25.0 0.02875 28.00 15.040 0 0.4640 6.2110 28.90 3.6659 4 270.0 118.20 1396.33 16.21
20.6 0.04294 28.00 15.040 0 0.4640 6.2490 77.30 3.6150 4 270.0 118.20 1396.90 110.59
28.4 0.12204 0.00 2.890 0 0.4450 6.6250 57.80 3.4952 2 276.0 118.00 1357.98 16.65
21.4 0.11504 0.00 2.890 0 0.4450 6.1630 69.60 3.4952 2 276.0 118.00 1391.83 111.34
38.7 0.12083 0.00 2.890 0 0.4450 8.0690 76.00 3.4952 2 276.0 118.00 1396.90 14.21
43.8 0.08187 0.00 2.890 0 0.4450 7.8200 36.90 3.4952 2 276.0 118.00 1393.53 13.57
33.2 0.06860 0.00 2.890 0 0.4450 7.4160 62.50 3.4952 2 276.0 118.00 1396.90 16.19
27.5 0.14866 0.00 8.560 0 0.5200 6.7270 79.90 2.7778 5 384.0 120.90 1394.76 19.42
26.5 0.11432 0.00 8.560 0 0.5200 6.7810 71.30 2.8561 5 384.0 120.90 1395.58 17.67
18.6 0.22876 0.00 8.560 0 0.5200 6.4050 85.40 2.7147 5 384.0 120.90 170.80 110.63
19.3 0.21161 0.00 8.560 0 0.5200 6.1370 87.40 2.7147 5 384.0 120.90 1394.47 113.44
20.1 0.13960 0.00 8.560 0 0.5200 6.1670 90.00 2.4210 5 384.0 120.90 1392.69 112.33
19.5 0.13262 0.00 8.560 0 0.5200 5.8510 96.70 2.1069 5 384.0 120.90 1394.05 116.47
19.5 0.17120 0.00 8.560 0 0.5200 5.8360 91.90 2.2110 5 384.0 120.90 1395.67 118.66
20.4 0.13117 0.00 8.560 0 0.5200 6.1270 85.20 2.1224 5 384.0 120.90 1387.69 114.09
19.8 0.12802 0.00 8.560 0 0.5200 6.4740 97.10 2.4329 5 384.0 120.90 1395.24 112.27
19.4 0.26363 0.00 8.560 0 0.5200 6.2290 91.20 2.5451 5 384.0 120.90 1391.23 115.55
21.7 0.10793 0.00 8.560 0 0.5200 6.1950 54.40 2.7778 5 384.0 120.90 1393.49 113.00
22.8 0.10084 0.00 10.010 0 0.5470 6.7150 81.60 2.6775 6 432.0 117.80 1395.59 110.16
18.8 0.12329 0.00 10.010 0 0.5470 5.9130 92.90 2.3534 6 432.0 117.80 1394.95 116.21
18.7 0.22212 0.00 10.010 0 0.5470 6.0920 95.40 2.5480 6 432.0 117.80 1396.90 117.09
18.5 0.14231 0.00 10.010 0 0.5470 6.2540 84.20 2.2565 6 432.0 117.80 1388.74 110.45
18.3 0.17134 0.00 10.010 0 0.5470 5.9280 88.20 2.4631 6 432.0 117.80 1344.91 115.76
21.2 0.13158 0.00 10.010 0 0.5470 6.1760 72.50 2.7301 6 432.0 117.80 1393.30 112.04
19.2 0.15098 0.00 10.010 0 0.5470 6.0210 82.60 2.7474 6 432.0 117.80 1394.51 110.30
20.4 0.13058 0.00 10.010 0 0.5470 5.8720 73.10 2.4775 6 432.0 117.80 1338.63 115.37
19.3 0.14476 0.00 10.010 0 0.5470 5.7310 65.20 2.7592 6 432.0 117.80 1391.50 113.61
22.0 0.06899 0.00 25.650 0 0.5810 5.8700 69.70 2.2577 2 188.0 119.10 1389.15 114.37
20.3 0.07165 0.00 25.650 0 0.5810 6.0040 84.10 2.1974 2 188.0 119.10 1377.67 114.27
20.5 0.09299 0.00 25.650 0 0.5810 5.9610 92.90 2.0869 2 188.0 119.10 1378.09 117.93
17.3 0.15038 0.00 25.650 0 0.5810 5.8560 97.00 1.9444 2 188.0 119.10 1370.31 125.41
18.8 0.09849 0.00 25.650 0 0.5810 5.8790 95.80 2.0063 2 188.0 119.10 1379.38 117.58
21.4 0.16902 0.00 25.650 0 0.5810 5.9860 88.40 1.9929 2 188.0 119.10 1385.02 114.81
15.7 0.38735 0.00 25.650 0 0.5810 5.6130 95.60 1.7572 2 188.0 119.10 1359.29 127.26
16.2 0.25915 0.00 21.890 0 0.6240 5.6930 96.00 1.7883 4 437.0 121.20 1392.11 117.19
18.0 0.32543 0.00 21.890 0 0.6240 6.4310 98.80 1.8125 4 437.0 121.20 1396.90 115.39
14.3 0.88125 0.00 21.890 0 0.6240 5.6370 94.70 1.9799 4 437.0 121.20 1396.90 118.34
19.2 0.34006 0.00 21.890 0 0.6240 6.4580 98.90 2.1185 4 437.0 121.20 1395.04 112.60
19.6 1.19294 0.00 21.890 0 0.6240 6.3260 97.70 2.2710 4 437.0 121.20 1396.90 112.26
23.0 0.59005 0.00 21.890 0 0.6240 6.3720 97.90 2.3274 4 437.0 121.20 1385.76 111.12
18.4 0.32982 0.00 21.890 0 0.6240 5.8220 95.40 2.4699 4 437.0 121.20 1388.69 115.03
15.6 0.97617 0.00 21.890 0 0.6240 5.7570 98.40 2.3460 4 437.0 121.20 1262.76 117.31
18.1 0.55778 0.00 21.890 0 0.6240 6.3350 98.20 2.1107 4 437.0 121.20 1394.67 116.96
17.4 0.32264 0.00 21.890 0 0.6240 5.9420 93.50 1.9669 4 437.0 121.20 1378.25 116.90
17.1 0.35233 0.00 21.890 0 0.6240 6.4540 98.40 1.8498 4 437.0 121.20 1394.08 114.59
13.3 0.24980 0.00 21.890 0 0.6240 5.8570 98.20 1.6686 4 437.0 121.20 1392.04 121.32
17.8 0.54452 0.00 21.890 0 0.6240 6.1510 97.90 1.6687 4 437.0 121.20 1396.90 118.46
14.0 0.29090 0.00 21.890 0 0.6240 6.1740 93.60 1.6119 4 437.0 121.20 1388.08 124.16
14.4 1.62864 0.00 21.890 0 0.6240 5.0190 100.00 1.4394 4 437.0 121.20 1396.90 134.41
13.4 3.32105 0.00 19.580 1 0.8710 5.4030 100.00 1.3216 5 403.0 114.70 1396.90 126.82
15.6 4.09740 0.00 19.580 0 0.8710 5.4680 100.00 1.4118 5 403.0 114.70 1396.90 126.42
11.8 2.77974 0.00 19.580 0 0.8710 4.9030 97.80 1.3459 5 403.0 114.70 1396.90 129.29
13.8 2.37934 0.00 19.580 0 0.8710 6.1300 100.00 1.4191 5 403.0 114.70 1172.91 127.80
15.6 2.15505 0.00 19.580 0 0.8710 5.6280 100.00 1.5166 5 403.0 114.70 1169.27 116.65
14.6 2.36862 0.00 19.580 0 0.8710 4.9260 95.70 1.4608 5 403.0 114.70 1391.71 129.53
17.8 2.33099 0.00 19.580 0 0.8710 5.1860 93.80 1.5296 5 403.0 114.70 1356.99 128.32
15.4 2.73397 0.00 19.580 0 0.8710 5.5970 94.90 1.5257 5 403.0 114.70 1351.85 121.45
21.5 1.65660 0.00 19.580 0 0.8710 6.1220 97.30 1.6180 5 403.0 114.70 1372.80 114.10
19.6 1.49632 0.00 19.580 0 0.8710 5.4040 100.00 1.5916 5 403.0 114.70 1341.60 113.28
15.3 1.12658 0.00 19.580 1 0.8710 5.0120 88.00 1.6102 5 403.0 114.70 1343.28 112.12
19.4 2.14918 0.00 19.580 0 0.8710 5.7090 98.50 1.6232 5 403.0 114.70 1261.95 115.79
17.0 1.41385 0.00 19.580 1 0.8710 6.1290 96.00 1.7494 5 403.0 114.70 1321.02 115.12
15.6 3.53501 0.00 19.580 1 0.8710 6.1520 82.60 1.7455 5 403.0 114.70 188.01 115.02
13.1 2.44668 0.00 19.580 0 0.8710 5.2720 94.00 1.7364 5 403.0 114.70 188.63 116.14
41.3 1.22358 0.00 19.580 0 0.6050 6.9430 97.40 1.8773 5 403.0 114.70 1363.43 14.59
24.3 1.34284 0.00 19.580 0 0.6050 6.0660 100.00 1.7573 5 403.0 114.70 1353.89 16.43
23.3 1.42502 0.00 19.580 0 0.8710 6.5100 100.00 1.7659 5 403.0 114.70 1364.31 17.39
27.0 1.27346 0.00 19.580 1 0.6050 6.2500 92.60 1.7984 5 403.0 114.70 1338.92 15.50
50.0 1.46336 0.00 19.580 0 0.6050 7.4890 90.80 1.9709 5 403.0 114.70 1374.43 11.73
50.0 1.83377 0.00 19.580 1 0.6050 7.8020 98.20 2.0407 5 403.0 114.70 1389.61 11.92
50.0 1.51902 0.00 19.580 1 0.6050 8.3750 93.90 2.1620 5 403.0 114.70 1388.45 13.32
22.7 2.24236 0.00 19.580 0 0.6050 5.8540 91.80 2.4220 5 403.0 114.70 1395.11 111.64
25.0 2.92400 0.00 19.580 0 0.6050 6.1010 93.00 2.2834 5 403.0 114.70 1240.16 19.81
50.0 2.01019 0.00 19.580 0 0.6050 7.9290 96.20 2.0459 5 403.0 114.70 1369.30 13.70
23.8 1.80028 0.00 19.580 0 0.6050 5.8770 79.20 2.4259 5 403.0 114.70 1227.61 112.14
23.8 2.30040 0.00 19.580 0 0.6050 6.3190 96.10 2.1000 5 403.0 114.70 1297.09 111.10
22.3 2.44953 0.00 19.580 0 0.6050 6.4020 95.20 2.2625 5 403.0 114.70 1330.04 111.32
17.4 1.20742 0.00 19.580 0 0.6050 5.8750 94.60 2.4259 5 403.0 114.70 1292.29 114.43
19.1 2.31390 0.00 19.580 0 0.6050 5.8800 97.30 2.3887 5 403.0 114.70 1348.13 112.03
23.1 0.13914 0.00 4.050 0 0.5100 5.5720 88.50 2.5961 5 296.0 116.60 1396.90 114.69
23.6 0.09178 0.00 4.050 0 0.5100 6.4160 84.10 2.6463 5 296.0 116.60 1395.50 19.04
22.6 0.08447 0.00 4.050 0 0.5100 5.8590 68.70 2.7019 5 296.0 116.60 1393.23 19.64
29.4 0.06664 0.00 4.050 0 0.5100 6.5460 33.10 3.1323 5 296.0 116.60 1390.96 15.33
23.2 0.07022 0.00 4.050 0 0.5100 6.0200 47.20 3.5549 5 296.0 116.60 1393.23 110.11
24.6 0.05425 0.00 4.050 0 0.5100 6.3150 73.40 3.3175 5 296.0 116.60 1395.60 16.29
29.9 0.06642 0.00 4.050 0 0.5100 6.8600 74.40 2.9153 5 296.0 116.60 1391.27 16.92
37.2 0.05780 0.00 2.460 0 0.4880 6.9800 58.40 2.8290 3 193.0 117.80 1396.90 15.04
39.8 0.06588 0.00 2.460 0 0.4880 7.7650 83.30 2.7410 3 193.0 117.80 1395.56 17.56
36.2 0.06888 0.00 2.460 0 0.4880 6.1440 62.20 2.5979 3 193.0 117.80 1396.90 19.45
37.9 0.09103 0.00 2.460 0 0.4880 7.1550 92.20 2.7006 3 193.0 117.80 1394.12 14.82
32.5 0.10008 0.00 2.460 0 0.4880 6.5630 95.60 2.8470 3 193.0 117.80 1396.90 15.68
26.4 0.08308 0.00 2.460 0 0.4880 5.6040 89.80 2.9879 3 193.0 117.80 1391.00 113.98
29.6 0.06047 0.00 2.460 0 0.4880 6.1530 68.80 3.2797 3 193.0 117.80 1387.11 113.15
50.0 0.05602 0.00 2.460 0 0.4880 7.8310 53.60 3.1992 3 193.0 117.80 1392.63 14.45
32.0 0.07875 45.00 3.440 0 0.4370 6.7820 41.10 3.7886 5 398.0 115.20 1393.87 16.68
29.8 0.12579 45.00 3.440 0 0.4370 6.5560 29.10 4.5667 5 398.0 115.20 1382.84 14.56
34.9 0.08370 45.00 3.440 0 0.4370 7.1850 38.90 4.5667 5 398.0 115.20 1396.90 15.39
37.0 0.09068 45.00 3.440 0 0.4370 6.9510 21.50 6.4798 5 398.0 115.20 1377.68 15.10
30.5 0.06911 45.00 3.440 0 0.4370 6.7390 30.80 6.4798 5 398.0 115.20 1389.71 14.69
36.4 0.08664 45.00 3.440 0 0.4370 7.1780 26.30 6.4798 5 398.0 115.20 1390.49 12.87
31.1 0.02187 60.00 2.930 0 0.4010 6.8000 9.90 6.2196 1 265.0 115.60 1393.37 15.03
29.1 0.01439 60.00 2.930 0 0.4010 6.6040 18.80 6.2196 1 265.0 115.60 1376.70 14.38
50.0 0.01381 80.00 0.460 0 0.4220 7.8750 32.00 5.6484 4 255.0 114.40 1394.23 12.97
33.3 0.04011 80.00 1.520 0 0.4040 7.2870 34.10 7.3090 2 329.0 112.60 1396.90 14.08
30.3 0.04666 80.00 1.520 0 0.4040 7.1070 36.60 7.3090 2 329.0 112.60 1354.31 18.61
34.6 0.03768 80.00 1.520 0 0.4040 7.2740 38.30 7.3090 2 329.0 112.60 1392.20 16.62
34.9 0.03150 95.00 1.470 0 0.4030 6.9750 15.30 7.6534 3 402.0 117.00 1396.90 14.56
32.9 0.01778 95.00 1.470 0 0.4030 7.1350 13.90 7.6534 3 402.0 117.00 1384.30 14.45
24.1 0.03445 82.50 2.030 0 0.4150 6.1620 38.40 6.2700 2 348.0 114.70 1393.77 17.43
42.3 0.02177 82.50 2.030 0 0.4150 7.6100 15.70 6.2700 2 348.0 114.70 1395.38 13.11
48.5 0.03510 95.00 2.680 0 0.4161 7.8530 33.20 5.1180 4 224.0 114.70 1392.78 13.81
50.0 0.02009 95.00 2.680 0 0.4161 8.0340 31.90 5.1180 4 224.0 114.70 1390.55 12.88
22.6 0.13642 0.00 10.590 0 0.4890 5.8910 22.30 3.9454 4 277.0 118.60 1396.90 110.87
24.4 0.22969 0.00 10.590 0 0.4890 6.3260 52.50 4.3549 4 277.0 118.60 1394.87 110.97
22.5 0.25199 0.00 10.590 0 0.4890 5.7830 72.70 4.3549 4 277.0 118.60 1389.43 118.06
24.4 0.13587 0.00 10.590 1 0.4890 6.0640 59.10 4.2392 4 277.0 118.60 1381.32 114.66
20.0 0.43571 0.00 10.590 1 0.4890 5.3440 100.00 3.8750 4 277.0 118.60 1396.90 123.09
21.7 0.17446 0.00 10.590 1 0.4890 5.9600 92.10 3.8771 4 277.0 118.60 1393.25 117.27
19.3 0.37578 0.00 10.590 1 0.4890 5.4040 88.60 3.6650 4 277.0 118.60 1395.24 123.98
22.4 0.21719 0.00 10.590 1 0.4890 5.8070 53.80 3.6526 4 277.0 118.60 1390.94 116.03
28.1 0.14052 0.00 10.590 0 0.4890 6.3750 32.30 3.9454 4 277.0 118.60 1385.81 19.38
23.7 0.28955 0.00 10.590 0 0.4890 5.4120 9.80 3.5875 4 277.0 118.60 1348.93 129.55
25.0 0.19802 0.00 10.590 0 0.4890 6.1820 42.40 3.9454 4 277.0 118.60 1393.63 19.47
23.3 0.04560 0.00 13.890 1 0.5500 5.8880 56.00 3.1121 5 276.0 116.40 1392.80 113.51
28.7 0.07013 0.00 13.890 0 0.5500 6.6420 85.10 3.4211 5 276.0 116.40 1392.78 19.69
21.5 0.11069 0.00 13.890 1 0.5500 5.9510 93.80 2.8893 5 276.0 116.40 1396.90 117.92
23.0 0.11425 0.00 13.890 1 0.5500 6.3730 92.40 3.3633 5 276.0 116.40 1393.74 110.50
26.7 0.35809 0.00 6.200 1 0.5070 6.9510 88.50 2.8617 8 307.0 117.40 1391.70 19.71
21.7 0.40771 0.00 6.200 1 0.5070 6.1640 91.30 3.0480 8 307.0 117.40 1395.24 121.46
27.5 0.62356 0.00 6.200 1 0.5070 6.8790 77.70 3.2721 8 307.0 117.40 1390.39 19.93
30.1 0.61470 0.00 6.200 0 0.5070 6.6180 80.80 3.2721 8 307.0 117.40 1396.90 17.60
44.8 0.31533 0.00 6.200 0 0.5040 8.2660 78.30 2.8944 8 307.0 117.40 1385.05 14.14
50.0 0.52693 0.00 6.200 0 0.5040 8.7250 83.00 2.8944 8 307.0 117.40 1382.00 14.63
37.6 0.38214 0.00 6.200 0 0.5040 8.0400 86.50 3.2157 8 307.0 117.40 1387.38 13.13
31.6 0.41238 0.00 6.200 0 0.5040 7.1630 79.90 3.2157 8 307.0 117.40 1372.08 16.36
46.7 0.29819 0.00 6.200 0 0.5040 7.6860 17.00 3.3751 8 307.0 117.40 1377.51 13.92
31.5 0.44178 0.00 6.200 0 0.5040 6.5520 21.40 3.3751 8 307.0 117.40 1380.34 13.76
24.3 0.53700 0.00 6.200 0 0.5040 5.9810 68.10 3.6715 8 307.0 117.40 1378.35 111.65
31.7 0.46296 0.00 6.200 0 0.5040 7.4120 76.90 3.6715 8 307.0 117.40 1376.14 15.25
41.7 0.57529 0.00 6.200 0 0.5070 8.3370 73.30 3.8384 8 307.0 117.40 1385.91 12.47
48.3 0.33147 0.00 6.200 0 0.5070 8.2470 70.40 3.6519 8 307.0 117.40 1378.95 13.95
29.0 0.44791 0.00 6.200 1 0.5070 6.7260 66.50 3.6519 8 307.0 117.40 1360.20 18.05
24.0 0.33045 0.00 6.200 0 0.5070 6.0860 61.50 3.6519 8 307.0 117.40 1376.75 110.88
25.1 0.52058 0.00 6.200 1 0.5070 6.6310 76.50 4.1480 8 307.0 117.40 1388.45 19.54
31.5 0.51183 0.00 6.200 0 0.5070 7.3580 71.60 4.1480 8 307.0 117.40 1390.07 14.73
23.7 0.08244 30.00 4.930 0 0.4280 6.4810 18.50 6.1899 6 300.0 116.60 1379.41 16.36
23.3 0.09252 30.00 4.930 0 0.4280 6.6060 42.20 6.1899 6 300.0 116.60 1383.78 17.37
22.0 0.11329 30.00 4.930 0 0.4280 6.8970 54.30 6.3361 6 300.0 116.60 1391.25 111.38
20.1 0.10612 30.00 4.930 0 0.4280 6.0950 65.10 6.3361 6 300.0 116.60 1394.62 112.40
22.2 0.10290 30.00 4.930 0 0.4280 6.3580 52.90 7.0355 6 300.0 116.60 1372.75 111.22
23.7 0.12757 30.00 4.930 0 0.4280 6.3930 7.80 7.0355 6 300.0 116.60 1374.71 15.19
17.6 0.20608 22.00 5.860 0 0.4310 5.5930 76.50 7.9549 7 330.0 119.10 1372.49 112.50
18.5 0.19133 22.00 5.860 0 0.4310 5.6050 70.20 7.9549 7 330.0 119.10 1389.13 118.46
24.3 0.33983 22.00 5.860 0 0.4310 6.1080 34.90 8.0555 7 330.0 119.10 1390.18 19.16
20.5 0.19657 22.00 5.860 0 0.4310 6.2260 79.20 8.0555 7 330.0 119.10 1376.14 110.15
24.5 0.16439 22.00 5.860 0 0.4310 6.4330 49.10 7.8265 7 330.0 119.10 1374.71 19.52
26.2 0.19073 22.00 5.860 0 0.4310 6.7180 17.50 7.8265 7 330.0 119.10 1393.74 16.56
24.4 0.14030 22.00 5.860 0 0.4310 6.4870 13.00 7.3967 7 330.0 119.10 1396.28 15.90
24.8 0.21409 22.00 5.860 0 0.4310 6.4380 8.90 7.3967 7 330.0 119.10 1377.07 13.59
29.6 0.08221 22.00 5.860 0 0.4310 6.9570 6.80 8.9067 7 330.0 119.10 1386.09 13.53
42.8 0.36894 22.00 5.860 0 0.4310 8.2590 8.40 8.9067 7 330.0 119.10 1396.90 13.54
21.9 0.04819 80.00 3.640 0 0.3920 6.1080 32.00 9.2203 1 315.0 116.40 1392.89 16.57
20.9 0.03548 80.00 3.640 0 0.3920 5.8760 19.10 9.2203 1 315.0 116.40 1395.18 19.25
44.0 0.01538 90.00 3.750 0 0.3940 7.4540 34.20 6.3361 3 244.0 115.90 1386.34 13.11
50.0 0.61154 20.00 3.970 0 0.6470 8.7040 86.90 1.8010 5 264.0 113.00 1389.70 15.12
36.0 0.66351 20.00 3.970 0 0.6470 7.3330 100.00 1.8946 5 264.0 113.00 1383.29 17.79
30.1 0.65665 20.00 3.970 0 0.6470 6.8420 100.00 2.0107 5 264.0 113.00 1391.93 16.90
33.8 0.54011 20.00 3.970 0 0.6470 7.2030 81.80 2.1121 5 264.0 113.00 1392.80 19.59
43.1 0.53412 20.00 3.970 0 0.6470 7.5200 89.40 2.1398 5 264.0 113.00 1388.37 17.26
48.8 0.52014 20.00 3.970 0 0.6470 8.3980 91.50 2.2885 5 264.0 113.00 1386.86 15.91
31.0 0.82526 20.00 3.970 0 0.6470 7.3270 94.50 2.0788 5 264.0 113.00 1393.42 111.25
36.5 0.55007 20.00 3.970 0 0.6470 7.2060 91.60 1.9301 5 264.0 113.00 1387.89 18.10
22.8 0.76162 20.00 3.970 0 0.6470 5.5600 62.80 1.9865 5 264.0 113.00 1392.40 110.45
30.7 0.78570 20.00 3.970 0 0.6470 7.0140 84.60 2.1329 5 264.0 113.00 1384.07 114.79
50.0 0.57834 20.00 3.970 0 0.5750 8.2970 67.00 2.4216 5 264.0 113.00 1384.54 17.44
43.5 0.54050 20.00 3.970 0 0.5750 7.4700 52.60 2.8720 5 264.0 113.00 1390.30 13.16
20.7 0.09065 20.00 6.960 1 0.4640 5.9200 61.50 3.9175 3 223.0 118.60 1391.34 113.65
21.1 0.29916 20.00 6.960 0 0.4640 5.8560 42.10 4.4290 3 223.0 118.60 1388.65 113.00
25.2 0.16211 20.00 6.960 0 0.4640 6.2400 16.30 4.4290 3 223.0 118.60 1396.90 16.59
24.4 0.11460 20.00 6.960 0 0.4640 6.5380 58.70 3.9175 3 223.0 118.60 1394.96 17.73
35.2 0.22188 20.00 6.960 1 0.4640 7.6910 51.80 4.3665 3 223.0 118.60 1390.77 16.58
32.4 0.05644 40.00 6.410 1 0.4470 6.7580 32.90 4.0776 4 254.0 117.60 1396.90 13.53
32.0 0.09604 40.00 6.410 0 0.4470 6.8540 42.80 4.2673 4 254.0 117.60 1396.90 12.98
33.2 0.10469 40.00 6.410 1 0.4470 7.2670 49.00 4.7872 4 254.0 117.60 1389.25 16.05
33.1 0.06127 40.00 6.410 1 0.4470 6.8260 27.60 4.8628 4 254.0 117.60 1393.45 14.16
29.1 0.07978 40.00 6.410 0 0.4470 6.4820 32.10 4.1403 4 254.0 117.60 1396.90 17.19
35.1 0.21038 20.00 3.330 0 0.4429 6.8120 32.20 4.1007 5 216.0 114.90 1396.90 14.85
45.4 0.03578 20.00 3.330 0 0.4429 7.8200 64.50 4.6947 5 216.0 114.90 1387.31 13.76
35.4 0.03705 20.00 3.330 0 0.4429 6.9680 37.20 5.2447 5 216.0 114.90 1392.23 14.59
46.0 0.06129 20.00 3.330 1 0.4429 7.6450 49.70 5.2119 5 216.0 114.90 1377.07 13.01
50.0 0.01501 90.00 1.210 1 0.4010 7.9230 24.80 5.8850 1 198.0 113.60 1395.52 13.16
32.2 0.00906 90.00 2.970 0 0.4000 7.0880 20.80 7.3073 1 285.0 115.30 1394.72 17.85
22.0 0.01096 55.00 2.250 0 0.3890 6.4530 31.90 7.3073 1 300.0 115.30 1394.72 18.23
20.1 0.01965 80.00 1.760 0 0.3850 6.2300 31.50 9.0892 1 241.0 118.20 1341.60 112.93
23.2 0.03871 52.50 5.320 0 0.4050 6.2090 31.30 7.3172 6 293.0 116.60 1396.90 17.14
22.3 0.04590 52.50 5.320 0 0.4050 6.3150 45.60 7.3172 6 293.0 116.60 1396.90 17.60
24.8 0.04297 52.50 5.320 0 0.4050 6.5650 22.90 7.3172 6 293.0 116.60 1371.72 19.51
28.5 0.03502 80.00 4.950 0 0.4110 6.8610 27.90 5.1167 4 245.0 119.20 1396.90 13.33
37.3 0.07886 80.00 4.950 0 0.4110 7.1480 27.70 5.1167 4 245.0 119.20 1396.90 13.56
27.9 0.03615 80.00 4.950 0 0.4110 6.6300 23.40 5.1167 4 245.0 119.20 1396.90 14.70
23.9 0.08265 0.00 13.920 0 0.4370 6.1270 18.40 5.5027 4 289.0 116.00 1396.90 18.58
21.7 0.08199 0.00 13.920 0 0.4370 6.0090 42.30 5.5027 4 289.0 116.00 1396.90 110.40
28.6 0.12932 0.00 13.920 0 0.4370 6.6780 31.10 5.9604 4 289.0 116.00 1396.90 16.27
27.1 0.05372 0.00 13.920 0 0.4370 6.5490 51.00 5.9604 4 289.0 116.00 1392.85 17.39
20.3 0.14103 0.00 13.920 0 0.4370 5.7900 58.00 6.3200 4 289.0 116.00 1396.90 115.84
22.5 0.06466 70.00 2.240 0 0.4000 6.3450 20.10 7.8278 5 358.0 114.80 1368.24 14.97
29.0 0.05561 70.00 2.240 0 0.4000 7.0410 10.00 7.8278 5 358.0 114.80 1371.58 14.74
24.8 0.04417 70.00 2.240 0 0.4000 6.8710 47.40 7.8278 5 358.0 114.80 1390.86 16.07
22.0 0.03537 34.00 6.090 0 0.4330 6.5900 40.40 5.4917 7 329.0 116.10 1395.75 19.50
26.4 0.09266 34.00 6.090 0 0.4330 6.4950 18.40 5.4917 7 329.0 116.10 1383.61 18.67
33.1 0.10000 34.00 6.090 0 0.4330 6.9820 17.70 5.4917 7 329.0 116.10 1390.43 14.86
36.1 0.05515 33.00 2.180 0 0.4720 7.2360 41.10 4.0220 7 222.0 118.40 1393.68 16.93
28.4 0.05479 33.00 2.180 0 0.4720 6.6160 58.10 3.3700 7 222.0 118.40 1393.36 18.93
33.4 0.07503 33.00 2.180 0 0.4720 7.4200 71.90 3.0992 7 222.0 118.40 1396.90 16.47
28.2 0.04932 33.00 2.180 0 0.4720 6.8490 70.30 3.1827 7 222.0 118.40 1396.90 17.53
22.8 0.49298 0.00 9.900 0 0.5440 6.6350 82.50 3.3175 4 304.0 118.40 1396.90 14.54
20.3 0.34940 0.00 9.900 0 0.5440 5.9720 76.70 3.1025 4 304.0 118.40 1396.24 19.97
16.1 2.63548 0.00 9.900 0 0.5440 4.9730 37.80 2.5194 4 304.0 118.40 1350.45 112.64
22.1 0.79041 0.00 9.900 0 0.5440 6.1220 52.80 2.6403 4 304.0 118.40 1396.90 15.98
19.4 0.26169 0.00 9.900 0 0.5440 6.0230 90.40 2.8340 4 304.0 118.40 1396.30 111.72
21.6 0.26938 0.00 9.900 0 0.5440 6.2660 82.80 3.2628 4 304.0 118.40 1393.39 17.90
23.8 0.36920 0.00 9.900 0 0.5440 6.5670 87.30 3.6023 4 304.0 118.40 1395.69 19.28
16.2 0.25356 0.00 9.900 0 0.5440 5.7050 77.70 3.9450 4 304.0 118.40 1396.42 111.50
17.8 0.31827 0.00 9.900 0 0.5440 5.9140 83.20 3.9986 4 304.0 118.40 1390.70 118.33
19.8 0.24522 0.00 9.900 0 0.5440 5.7820 71.70 4.0317 4 304.0 118.40 1396.90 115.94
23.1 0.40202 0.00 9.900 0 0.5440 6.3820 67.20 3.5325 4 304.0 118.40 1395.21 110.36
21.0 0.47547 0.00 9.900 0 0.5440 6.1130 58.80 4.0019 4 304.0 118.40 1396.23 112.73
23.8 0.16760 0.00 7.380 0 0.4930 6.4260 52.30 4.5404 5 287.0 119.60 1396.90 17.20
23.1 0.18159 0.00 7.380 0 0.4930 6.3760 54.30 4.5404 5 287.0 119.60 1396.90 16.87
20.4 0.35114 0.00 7.380 0 0.4930 6.0410 49.90 4.7211 5 287.0 119.60 1396.90 17.70
18.5 0.28392 0.00 7.380 0 0.4930 5.7080 74.30 4.7211 5 287.0 119.60 1391.13 111.74
25.0 0.34109 0.00 7.380 0 0.4930 6.4150 40.10 4.7211 5 287.0 119.60 1396.90 16.12
24.6 0.19186 0.00 7.380 0 0.4930 6.4310 14.70 5.4159 5 287.0 119.60 1393.68 15.08
23.0 0.30347 0.00 7.380 0 0.4930 6.3120 28.90 5.4159 5 287.0 119.60 1396.90 16.15
22.2 0.24103 0.00 7.380 0 0.4930 6.0830 43.70 5.4159 5 287.0 119.60 1396.90 112.79
19.3 0.06617 0.00 3.240 0 0.4600 5.8680 25.80 5.2146 4 430.0 116.90 1382.44 19.97
22.6 0.06724 0.00 3.240 0 0.4600 6.3330 17.20 5.2146 4 430.0 116.90 1375.21 17.34
19.8 0.04544 0.00 3.240 0 0.4600 6.1440 32.20 5.8736 4 430.0 116.90 1368.57 19.09
17.1 0.05023 35.00 6.060 0 0.4379 5.7060 28.40 6.6407 1 304.0 116.90 1394.02 112.43
19.4 0.03466 35.00 6.060 0 0.4379 6.0310 23.30 6.6407 1 304.0 116.90 1362.25 17.83
22.2 0.05083 0.00 5.190 0 0.5150 6.3160 38.10 6.4584 5 224.0 120.20 1389.71 15.68
20.7 0.03738 0.00 5.190 0 0.5150 6.3100 38.50 6.4584 5 224.0 120.20 1389.40 16.75
21.1 0.03961 0.00 5.190 0 0.5150 6.0370 34.50 5.9853 5 224.0 120.20 1396.90 18.01
19.5 0.03427 0.00 5.190 0 0.5150 5.8690 46.30 5.2311 5 224.0 120.20 1396.90 19.80
18.5 0.03041 0.00 5.190 0 0.5150 5.8950 59.60 5.6150 5 224.0 120.20 1394.81 110.56
20.6 0.03306 0.00 5.190 0 0.5150 6.0590 37.30 4.8122 5 224.0 120.20 1396.14 18.51
19.0 0.05497 0.00 5.190 0 0.5150 5.9850 45.40 4.8122 5 224.0 120.20 1396.90 19.74
18.7 0.06151 0.00 5.190 0 0.5150 5.9680 58.50 4.8122 5 224.0 120.20 1396.90 19.29
32.7 0.01301 35.00 1.520 0 0.4420 7.2410 49.30 7.0379 1 284.0 115.50 1394.74 15.49
16.5 0.02498 0.00 1.890 0 0.5180 6.5400 59.70 6.2669 1 422.0 115.90 1389.96 18.65
23.9 0.02543 55.00 3.780 0 0.4840 6.6960 56.40 5.7321 5 370.0 117.60 1396.90 17.18
31.2 0.03049 55.00 3.780 0 0.4840 6.8740 28.10 6.4654 5 370.0 117.60 1387.97 14.61
17.5 0.03113 0.00 4.390 0 0.4420 6.0140 48.50 8.0136 3 352.0 118.80 1385.64 110.53
17.2 0.06162 0.00 4.390 0 0.4420 5.8980 52.30 8.0136 3 352.0 118.80 1364.61 112.67
23.1 0.01870 85.00 4.150 0 0.4290 6.5160 27.70 8.5353 4 351.0 117.90 1392.43 16.36
24.5 0.01501 80.00 2.010 0 0.4350 6.6350 29.70 8.3440 4 280.0 117.00 1390.94 15.99
26.6 0.02899 40.00 1.250 0 0.4290 6.9390 34.50 8.7921 1 335.0 119.70 1389.85 15.89
22.9 0.06211 40.00 1.250 0 0.4290 6.4900 44.40 8.7921 1 335.0 119.70 1396.90 15.98
24.1 0.07950 60.00 1.690 0 0.4110 6.5790 35.90 10.7103 4 411.0 118.30 1370.78 15.49
18.6 0.07244 60.00 1.690 0 0.4110 5.8840 18.50 10.7103 4 411.0 118.30 1392.33 17.79
30.1 0.01709 90.00 2.020 0 0.4100 6.7280 36.10 12.1265 5 187.0 117.00 1384.46 14.50
18.2 0.04301 80.00 1.910 0 0.4130 5.6630 21.90 10.5857 4 334.0 122.00 1382.80 18.05
20.6 0.10659 80.00 1.910 0 0.4130 5.9360 19.50 10.5857 4 334.0 122.00 1376.04 15.57
17.8 8.98296 0.00 18.100 1 0.7700 6.2120 97.40 2.1222 24 666.0 120.20 1377.73 117.60
21.7 3.84970 0.00 18.100 1 0.7700 6.3950 91.00 2.5052 24 666.0 120.20 1391.34 113.27
22.7 5.20177 0.00 18.100 1 0.7700 6.1270 83.40 2.7227 24 666.0 120.20 1395.43 111.48
22.6 4.26131 0.00 18.100 0 0.7700 6.1120 81.30 2.5091 24 666.0 120.20 1390.74 112.67
25.0 4.54192 0.00 18.100 0 0.7700 6.3980 88.00 2.5182 24 666.0 120.20 1374.56 17.79
19.9 3.83684 0.00 18.100 0 0.7700 6.2510 91.10 2.2955 24 666.0 120.20 1350.65 114.19
20.8 3.67822 0.00 18.100 0 0.7700 5.3620 96.20 2.1036 24 666.0 120.20 1380.79 110.19
16.8 4.22239 0.00 18.100 1 0.7700 5.8030 89.00 1.9047 24 666.0 120.20 1353.04 114.64
21.9 3.47428 0.00 18.100 1 0.7180 8.7800 82.90 1.9047 24 666.0 120.20 1354.55 15.29
27.5 4.55587 0.00 18.100 0 0.7180 3.5610 87.90 1.6132 24 666.0 120.20 1354.70 17.12
21.9 3.69695 0.00 18.100 0 0.7180 4.9630 91.40 1.7523 24 666.0 120.20 1316.03 114.00
23.1 13.52220 0.00 18.100 0 0.6310 3.8630 100.00 1.5106 24 666.0 120.20 1131.42 113.33
50.0 4.89822 0.00 18.100 0 0.6310 4.9700 100.00 1.3325 24 666.0 120.20 1375.52 13.26
50.0 5.66998 0.00 18.100 1 0.6310 6.6830 96.80 1.3567 24 666.0 120.20 1375.33 13.73
50.0 6.53876 0.00 18.100 1 0.6310 7.0160 97.50 1.2024 24 666.0 120.20 1392.05 12.96
50.0 9.23230 0.00 18.100 0 0.6310 6.2160 100.00 1.1691 24 666.0 120.20 1366.15 19.53
50.0 8.26725 0.00 18.100 1 0.6680 5.8750 89.60 1.1296 24 666.0 120.20 1347.88 18.88
13.8 11.10810 0.00 18.100 0 0.6680 4.9060 100.00 1.1742 24 666.0 120.20 1396.90 134.77
13.8 18.49820 0.00 18.100 0 0.6680 4.1380 100.00 1.1370 24 666.0 120.20 1396.90 137.97
15.0 19.60910 0.00 18.100 0 0.6710 7.3130 97.90 1.3163 24 666.0 120.20 1396.90 113.44
13.9 15.28800 0.00 18.100 0 0.6710 6.6490 93.30 1.3449 24 666.0 120.20 1363.02 123.24
13.3 9.82349 0.00 18.100 0 0.6710 6.7940 98.80 1.3580 24 666.0 120.20 1396.90 121.24
13.1 23.64820 0.00 18.100 0 0.6710 6.3800 96.20 1.3861 24 666.0 120.20 1396.90 123.69
10.2 17.86670 0.00 18.100 0 0.6710 6.2230 100.00 1.3861 24 666.0 120.20 1393.74 121.78
10.4 88.97620 0.00 18.100 0 0.6710 6.9680 91.90 1.4165 24 666.0 120.20 1396.90 117.21
10.9 15.87440 0.00 18.100 0 0.6710 6.5450 99.10 1.5192 24 666.0 120.20 1396.90 121.08
11.3 9.18702 0.00 18.100 0 0.7000 5.5360 100.00 1.5804 24 666.0 120.20 1396.90 123.60
12.3 7.99248 0.00 18.100 0 0.7000 5.5200 100.00 1.5331 24 666.0 120.20 1396.90 124.56
8.8 20.08490 0.00 18.100 0 0.7000 4.3680 91.20 1.4395 24 666.0 120.20 1285.83 130.63
7.2 16.81180 0.00 18.100 0 0.7000 5.2770 98.10 1.4261 24 666.0 120.20 1396.90 130.81
10.5 24.39380 0.00 18.100 0 0.7000 4.6520 100.00 1.4672 24 666.0 120.20 1396.90 128.28
7.4 22.59710 0.00 18.100 0 0.7000 5.0000 89.50 1.5184 24 666.0 120.20 1396.90 131.99
10.2 14.33370 0.00 18.100 0 0.7000 4.8800 100.00 1.5895 24 666.0 120.20 1372.92 130.62
11.5 8.15174 0.00 18.100 0 0.7000 5.3900 98.90 1.7281 24 666.0 120.20 1396.90 120.85
15.1 6.96215 0.00 18.100 0 0.7000 5.7130 97.00 1.9265 24 666.0 120.20 1394.43 117.11
23.2 5.29305 0.00 18.100 0 0.7000 6.0510 82.50 2.1678 24 666.0 120.20 1378.38 118.76
9.7 11.57790 0.00 18.100 0 0.7000 5.0360 97.00 1.7700 24 666.0 120.20 1396.90 125.68
13.8 8.64476 0.00 18.100 0 0.6930 6.1930 92.60 1.7912 24 666.0 120.20 1396.90 115.17
12.7 13.35980 0.00 18.100 0 0.6930 5.8870 94.70 1.7821 24 666.0 120.20 1396.90 116.35
13.1 8.71675 0.00 18.100 0 0.6930 6.4710 98.80 1.7257 24 666.0 120.20 1391.98 117.12
12.5 5.87205 0.00 18.100 0 0.6930 6.4050 96.00 1.6768 24 666.0 120.20 1396.90 119.37
8.5 7.67202 0.00 18.100 0 0.6930 5.7470 98.90 1.6334 24 666.0 120.20 1393.10 119.92
5.0 38.35180 0.00 18.100 0 0.6930 5.4530 100.00 1.4896 24 666.0 120.20 1396.90 130.59
6.3 9.91655 0.00 18.100 0 0.6930 5.8520 77.80 1.5004 24 666.0 120.20 1338.16 129.97
5.6 25.04610 0.00 18.100 0 0.6930 5.9870 100.00 1.5888 24 666.0 120.20 1396.90 126.77
7.2 14.23620 0.00 18.100 0 0.6930 6.3430 100.00 1.5741 24 666.0 120.20 1396.90 120.32
12.1 9.59571 0.00 18.100 0 0.6930 6.4040 100.00 1.6390 24 666.0 120.20 1376.11 120.31
8.3 24.80170 0.00 18.100 0 0.6930 5.3490 96.00 1.7028 24 666.0 120.20 1396.90 119.77
8.5 41.52920 0.00 18.100 0 0.6930 5.5310 85.40 1.6074 24 666.0 120.20 1329.46 127.38
5.0 67.92080 0.00 18.100 0 0.6930 5.6830 100.00 1.4254 24 666.0 120.20 1384.97 122.98
11.9 20.71620 0.00 18.100 0 0.6590 4.1380 100.00 1.1781 24 666.0 120.20 1370.22 123.34
27.9 11.95110 0.00 18.100 0 0.6590 5.6080 100.00 1.2852 24 666.0 120.20 1332.09 112.13
17.2 7.40389 0.00 18.100 0 0.5970 5.6170 97.90 1.4547 24 666.0 120.20 1314.64 126.40
27.5 14.43830 0.00 18.100 0 0.5970 6.8520 100.00 1.4655 24 666.0 120.20 1179.36 119.78
15.0 51.13580 0.00 18.100 0 0.5970 5.7570 100.00 1.4130 24 666.0 120.20 12.60 110.11
17.2 14.05070 0.00 18.100 0 0.5970 6.6570 100.00 1.5275 24 666.0 120.20 135.05 121.22
17.9 18.81100 0.00 18.100 0 0.5970 4.6280 100.00 1.5539 24 666.0 120.20 128.79 134.37
16.3 28.65580 0.00 18.100 0 0.5970 5.1550 100.00 1.5894 24 666.0 120.20 1210.97 120.08
7.0 45.74610 0.00 18.100 0 0.6930 4.5190 100.00 1.6582 24 666.0 120.20 188.27 136.98
7.2 18.08460 0.00 18.100 0 0.6790 6.4340 100.00 1.8347 24 666.0 120.20 127.25 129.05
7.5 10.83420 0.00 18.100 0 0.6790 6.7820 90.80 1.8195 24 666.0 120.20 121.57 125.79
10.4 25.94060 0.00 18.100 0 0.6790 5.3040 89.10 1.6475 24 666.0 120.20 1127.36 126.64
8.8 73.53410 0.00 18.100 0 0.6790 5.9570 100.00 1.8026 24 666.0 120.20 116.45 120.62
8.4 11.81230 0.00 18.100 0 0.7180 6.8240 76.50 1.7940 24 666.0 120.20 148.45 122.74
16.7 11.08740 0.00 18.100 0 0.7180 6.4110 100.00 1.8589 24 666.0 120.20 1318.75 115.02
14.2 7.02259 0.00 18.100 0 0.7180 6.0060 95.30 1.8746 24 666.0 120.20 1319.98 115.70
20.8 12.04820 0.00 18.100 0 0.6140 5.6480 87.60 1.9512 24 666.0 120.20 1291.55 114.10
13.4 7.05042 0.00 18.100 0 0.6140 6.1030 85.10 2.0218 24 666.0 120.20 12.52 123.29
11.7 8.79212 0.00 18.100 0 0.5840 5.5650 70.60 2.0635 24 666.0 120.20 13.65 117.16
8.3 15.86030 0.00 18.100 0 0.6790 5.8960 95.40 1.9096 24 666.0 120.20 17.68 124.39
10.2 12.24720 0.00 18.100 0 0.5840 5.8370 59.70 1.9976 24 666.0 120.20 124.65 115.69
10.9 37.66190 0.00 18.100 0 0.6790 6.2020 78.70 1.8629 24 666.0 120.20 118.82 114.52
11.0 7.36711 0.00 18.100 0 0.6790 6.1930 78.10 1.9356 24 666.0 120.20 196.73 121.52
9.5 9.33889 0.00 18.100 0 0.6790 6.3800 95.60 1.9682 24 666.0 120.20 160.72 124.08
14.5 8.49213 0.00 18.100 0 0.5840 6.3480 86.10 2.0527 24 666.0 120.20 183.45 117.64
14.1 10.06230 0.00 18.100 0 0.5840 6.8330 94.30 2.0882 24 666.0 120.20 181.33 119.69
16.1 6.44405 0.00 18.100 0 0.5840 6.4250 74.80 2.2004 24 666.0 120.20 197.95 112.03
14.3 5.58107 0.00 18.100 0 0.7130 6.4360 87.90 2.3158 24 666.0 120.20 1100.19 116.22
11.7 13.91340 0.00 18.100 0 0.7130 6.2080 95.00 2.2222 24 666.0 120.20 1100.63 115.17
13.4 11.16040 0.00 18.100 0 0.7400 6.6290 94.60 2.1247 24 666.0 120.20 1109.85 123.27
9.6 14.42080 0.00 18.100 0 0.7400 6.4610 93.30 2.0026 24 666.0 120.20 127.49 118.05
8.7 15.17720 0.00 18.100 0 0.7400 6.1520 100.00 1.9142 24 666.0 120.20 19.32 126.45
8.4 13.67810 0.00 18.100 0 0.7400 5.9350 87.90 1.8206 24 666.0 120.20 168.95 134.02
12.8 9.39063 0.00 18.100 0 0.7400 5.6270 93.90 1.8172 24 666.0 120.20 1396.90 122.88
10.5 22.05110 0.00 18.100 0 0.7400 5.8180 92.40 1.8662 24 666.0 120.20 1391.45 122.11
17.1 9.72418 0.00 18.100 0 0.7400 6.4060 97.20 2.0651 24 666.0 120.20 1385.96 119.52
18.4 5.66637 0.00 18.100 0 0.7400 6.2190 100.00 2.0048 24 666.0 120.20 1395.69 116.59
15.4 9.96654 0.00 18.100 0 0.7400 6.4850 100.00 1.9784 24 666.0 120.20 1386.73 118.85
10.8 12.80230 0.00 18.100 0 0.7400 5.8540 96.60 1.8956 24 666.0 120.20 1240.52 123.79
11.8 10.67180 0.00 18.100 0 0.7400 6.4590 94.80 1.9879 24 666.0 120.20 143.06 123.98
14.9 6.28807 0.00 18.100 0 0.7400 6.3410 96.40 2.0720 24 666.0 120.20 1318.01 117.79
12.6 9.92485 0.00 18.100 0 0.7400 6.2510 96.60 2.1980 24 666.0 120.20 1388.52 116.44
14.1 9.32909 0.00 18.100 0 0.7130 6.1850 98.70 2.2616 24 666.0 120.20 1396.90 118.13
13.0 7.52601 0.00 18.100 0 0.7130 6.4170 98.30 2.1850 24 666.0 120.20 1304.21 119.31
13.4 6.71772 0.00 18.100 0 0.7130 6.7490 92.60 2.3236 24 666.0 120.20 10.32 117.44
15.2 5.44114 0.00 18.100 0 0.7130 6.6550 98.20 2.3552 24 666.0 120.20 1355.29 117.73
16.1 5.09017 0.00 18.100 0 0.7130 6.2970 91.80 2.3682 24 666.0 120.20 1385.09 117.27
17.8 8.24809 0.00 18.100 0 0.7130 7.3930 99.30 2.4527 24 666.0 120.20 1375.87 116.74
14.9 9.51363 0.00 18.100 0 0.7130 6.7280 94.10 2.4961 24 666.0 120.20 16.68 118.71
14.1 4.75237 0.00 18.100 0 0.7130 6.5250 86.50 2.4358 24 666.0 120.20 150.92 118.13
12.7 4.66883 0.00 18.100 0 0.7130 5.9760 87.90 2.5806 24 666.0 120.20 110.48 119.01
13.5 8.20058 0.00 18.100 0 0.7130 5.9360 80.30 2.7792 24 666.0 120.20 13.50 116.94
14.9 7.75223 0.00 18.100 0 0.7130 6.3010 83.70 2.7831 24 666.0 120.20 1272.21 116.23
20.0 6.80117 0.00 18.100 0 0.7130 6.0810 84.40 2.7175 24 666.0 120.20 1396.90 114.70
16.4 4.81213 0.00 18.100 0 0.7130 6.7010 90.00 2.5975 24 666.0 120.20 1255.23 116.42
17.7 3.69311 0.00 18.100 0 0.7130 6.3760 88.40 2.5671 24 666.0 120.20 1391.43 114.65
19.5 6.65492 0.00 18.100 0 0.7130 6.3170 83.00 2.7344 24 666.0 120.20 1396.90 113.99
20.2 5.82115 0.00 18.100 0 0.7130 6.5130 89.90 2.8016 24 666.0 120.20 1393.82 110.29
21.4 7.83932 0.00 18.100 0 0.6550 6.2090 65.40 2.9634 24 666.0 120.20 1396.90 113.22
19.9 3.16360 0.00 18.100 0 0.6550 5.7590 48.20 3.0665 24 666.0 120.20 1334.40 114.13
19.0 3.77498 0.00 18.100 0 0.6550 5.9520 84.70 2.8715 24 666.0 120.20 122.01 117.15
19.1 4.42228 0.00 18.100 0 0.5840 6.0030 94.50 2.5403 24 666.0 120.20 1331.29 121.32
19.1 15.57570 0.00 18.100 0 0.5800 5.9260 71.00 2.9084 24 666.0 120.20 1368.74 118.13
20.1 13.07510 0.00 18.100 0 0.5800 5.7130 56.70 2.8237 24 666.0 120.20 1396.90 114.76
19.9 4.34879 0.00 18.100 0 0.5800 6.1670 84.00 3.0334 24 666.0 120.20 1396.90 116.29
19.6 4.03841 0.00 18.100 0 0.5320 6.2290 90.70 3.0993 24 666.0 120.20 1395.33 112.87
23.2 3.56868 0.00 18.100 0 0.5800 6.4370 75.00 2.8965 24 666.0 120.20 1393.37 114.36
29.8 4.64689 0.00 18.100 0 0.6140 6.9800 67.60 2.5329 24 666.0 120.20 1374.68 111.66
13.8 8.05579 0.00 18.100 0 0.5840 5.4270 95.40 2.4298 24 666.0 120.20 1352.58 118.14
13.3 6.39312 0.00 18.100 0 0.5840 6.1620 97.40 2.2060 24 666.0 120.20 1302.76 124.10
16.7 4.87141 0.00 18.100 0 0.6140 6.4840 93.60 2.3053 24 666.0 120.20 1396.21 118.68
12.0 15.02340 0.00 18.100 0 0.6140 5.3040 97.30 2.1007 24 666.0 120.20 1349.48 124.91
14.6 10.23300 0.00 18.100 0 0.6140 6.1850 96.70 2.1705 24 666.0 120.20 1379.70 118.03
21.4 14.33370 0.00 18.100 0 0.6140 6.2290 88.00 1.9512 24 666.0 120.20 1383.32 113.11
23.0 5.82401 0.00 18.100 0 0.5320 6.2420 64.70 3.4242 24 666.0 120.20 1396.90 110.74
23.7 5.70818 0.00 18.100 0 0.5320 6.7500 74.90 3.3317 24 666.0 120.20 1393.07 17.74
25.0 5.73116 0.00 18.100 0 0.5320 7.0610 77.00 3.4106 24 666.0 120.20 1395.28 17.01
21.8 2.81838 0.00 18.100 0 0.5320 5.7620 40.30 4.0983 24 666.0 120.20 1392.92 110.42
20.6 2.37857 0.00 18.100 0 0.5830 5.8710 41.90 3.7240 24 666.0 120.20 1370.73 113.34
21.2 3.67367 0.00 18.100 0 0.5830 6.3120 51.90 3.9917 24 666.0 120.20 1388.62 110.58
19.1 5.69175 0.00 18.100 0 0.5830 6.1140 79.80 3.5459 24 666.0 120.20 1392.68 114.98
20.6 4.83567 0.00 18.100 0 0.5830 5.9050 53.20 3.1523 24 666.0 120.20 1388.22 111.45
15.2 0.15086 0.00 27.740 0 0.6090 5.4540 92.70 1.8209 4 711.0 120.10 1395.09 118.06
7.0 0.18337 0.00 27.740 0 0.6090 5.4140 98.30 1.7554 4 711.0 120.10 1344.05 123.97
8.1 0.20746 0.00 27.740 0 0.6090 5.0930 98.00 1.8226 4 711.0 120.10 1318.43 129.68
13.6 0.10574 0.00 27.740 0 0.6090 5.9830 98.80 1.8681 4 711.0 120.10 1390.11 118.07
20.1 0.11132 0.00 27.740 0 0.6090 5.9830 83.50 2.1099 4 711.0 120.10 1396.90 113.35
21.8 0.17331 0.00 9.690 0 0.5850 5.7070 54.00 2.3817 6 391.0 119.20 1396.90 112.01
24.5 0.27957 0.00 9.690 0 0.5850 5.9260 42.60 2.3817 6 391.0 119.20 1396.90 113.59
23.1 0.17899 0.00 9.690 0 0.5850 5.6700 28.80 2.7986 6 391.0 119.20 1393.29 117.60
19.7 0.28960 0.00 9.690 0 0.5850 5.3900 72.90 2.7986 6 391.0 119.20 1396.90 121.14
18.3 0.26838 0.00 9.690 0 0.5850 5.7940 70.60 2.8927 6 391.0 119.20 1396.90 114.10
21.2 0.23912 0.00 9.690 0 0.5850 6.0190 65.30 2.4091 6 391.0 119.20 1396.90 112.92
17.5 0.17783 0.00 9.690 0 0.5850 5.5690 73.50 2.3999 6 391.0 119.20 1395.77 115.10
16.8 0.22438 0.00 9.690 0 0.5850 6.0270 79.70 2.4982 6 391.0 119.20 1396.90 114.33
22.4 0.06263 0.00 11.930 0 0.5730 6.5930 69.10 2.4786 1 273.0 121.00 1391.99 19.67
20.6 0.04527 0.00 11.930 0 0.5730 6.1200 76.70 2.2875 1 273.0 121.00 1396.90 19.08
23.9 0.06076 0.00 11.930 0 0.5730 6.9760 91.00 2.1675 1 273.0 121.00 1396.90 15.64
22.0 0.10959 0.00 11.930 0 0.5730 6.7940 89.30 2.3889 1 273.0 121.00 1393.45 16.48
11.9 0.04741 0.00 11.930 0 0.5730 6.0300 80.80 2.5050 1 273.0 121.00 1396.90 17.88